1 50.0
2 87.0
3 2.0
4 219.0
5 0.0
6 33.0
7 0.0
8 33.0
9 30.0
10 26.0
11 32.0
12 82.0
13 38.0
14 0.0
15 15.0
16 220.0
17 0.0
18 44.0
19 0.0
20 49.0
21 34.0
22 219.0
23 0.0
24 0.0
25 30.0
26 24.0
27 60.0
28 19.0
29 0.0
30 0.0
31 103.0
32 29.0
33 180.0
34 1.0
35 25.0
36 84.0
37 0.0
38 38.0
39 219.0
40 19.0
41 32.0
42 32.0
43 143.0
44 29.0
45 0.0
46 49.0
47 33.0
48 169.0
49 33.0
50 0.0
51 33.0
52 0.0
53 49.0
54 38.0
55 0.0
56 0.0
57 6.0
58 38.0
59 0.0
60 0.0
61 136.0
62 45.0
63 90.0
64 0.0
65 0.0
66 219.0
67 1.0
68 38.0
69 87.0
70 147.0
71 0.0
72 26.0
73 82.0
74 235.0
75 160.0
76 39.0
77 122.0
78 77.0
79 0.0
80 120.0
81 27.0
82 0.0
83 98.0
84 13.0
85 1.0
86 93.0
87 30.0
88 56.0
89 192.0
90 30.0
91 0.0
92 39.0
93 42.0
94 49.0
95 28.0
96 32.0
97 158.0
98 43.0
99 125.0
100 19.0
101 235.0
102 220.0
103 219.0
104 219.0
105 219.0
106 219.0
107 192.0
108 180.0
109 169.0
110 160.0
111 158.0
112 147.0
113 143.0
114 136.0
115 125.0
116 122.0
117 120.0
118 103.0
119 98.0
120 93.0
121 90.0
122 87.0
123 87.0
124 84.0
125 82.0
126 82.0
127 77.0
128 60.0
129 56.0
130 50.0
131 49.0
132 49.0
133 49.0
134 49.0
135 45.0
136 44.0
137 43.0
138 42.0
139 39.0
140 39.0
141 38.0
142 38.0
143 38.0
144 38.0
145 38.0
146 34.0
147 33.0
148 33.0
149 33.0
150 33.0
151 219.0
152 21.0
153 135.0
154 6.0
155 219.0
156 219.0
157 0.0
158 180.0
159 87.0
160 82.0
161 219.0
162 14.0
163 219.0
164 158.0
165 219.0
166 219.0
167 219.0
168 220.0
169 92.0
170 219.0
171 0.0
172 220.0
173 50.0
174 219.0
175 0.0
176 106.0
177 33.0
178 220.0
179 32.0
180 0.0
181 220.0
182 38.0
183 169.0
184 0.0
185 147.0
186 142.0
187 93.0
188 30.0
189 7.0
190 34.0
191 183.0
192 32.0
193 49.0
194 220.0
195 0.0
196 164.0
197 116.0
198 23.0
199 32.0
200 43.0
201 235.0
202 220.0
203 220.0
204 220.0
205 220.0
206 220.0
207 220.0
208 219.0
209 219.0
210 219.0
211 219.0
212 219.0
213 219.0
214 219.0
215 219.0
216 219.0
217 219.0
218 219.0
219 219.0
220 219.0
221 219.0
222 192.0
223 183.0
224 180.0
225 180.0
226 169.0
227 169.0
228 164.0
229 160.0
230 158.0
231 158.0
232 147.0
233 147.0
234 143.0
235 142.0
236 136.0
237 135.0
238 125.0
239 122.0
240 120.0
241 116.0
242 106.0
243 103.0
244 98.0
245 93.0
246 93.0
247 92.0
248 90.0
249 87.0
250 87.0
251 142.0
252 219.0
253 180.0
254 94.0
255 219.0
256 93.0
257 215.0
258 219.0
259 44.0
260 219.0
261 0.0
262 220.0
263 80.0
264 169.0
265 219.0
266 87.0
267 0.0
268 219.0
269 219.0
270 169.0
271 32.0
272 0.0
273 219.0
274 38.0
275 147.0
276 219.0
277 132.0
278 0.0
279 0.0
280 169.0
281 32.0
282 218.0
283 0.0
284 219.0
285 219.0
286 32.0
287 33.0
288 0.0
289 0.0
290 219.0
291 0.0
292 48.0
293 104.0
294 98.0
295 66.0
296 191.0
297 98.0
298 25.0
299 0.0
300 147.0
301 235.0
302 220.0
303 220.0
304 220.0
305 220.0
306 220.0
307 220.0
308 220.0
309 219.0
310 219.0
311 219.0
312 219.0
313 219.0
314 219.0
315 219.0
316 219.0
317 219.0
318 219.0
319 219.0
320 219.0
321 219.0
322 219.0
323 219.0
324 219.0
325 219.0
326 219.0
327 219.0
328 219.0
329 219.0
330 219.0
331 219.0
332 219.0
333 219.0
334 219.0
335 218.0
336 215.0
337 192.0
338 191.0
339 183.0
340 180.0
341 180.0
342 180.0
343 169.0
344 169.0
345 169.0
346 169.0
347 169.0
348 164.0
349 160.0
350 158.0
351 142.0
352 99.0
353 32.0
354 30.0
355 82.0
356 153.0
357 126.0
358 76.0
359 30.0
360 220.0
361 219.0
362 219.0
363 219.0
364 219.0
365 0.0
366 219.0
367 219.0
368 219.0
369 235.0
370 20.0
371 196.0
372 236.0
373 219.0
374 0.0
375 177.0
376 0.0
377 219.0
378 191.0
379 220.0
380 72.0
381 219.0
382 109.0
383 39.0
384 86.0
385 219.0
386 33.0
387 1.0
388 71.0
389 174.0
390 33.0
391 158.0
392 219.0
393 191.0
394 153.0
395 36.0
396 142.0
397 49.0
398 131.0
399 0.0
400 104.0
401 236.0
402 235.0
403 235.0
404 220.0
405 220.0
406 220.0
407 220.0
408 220.0
409 220.0
410 220.0
411 220.0
412 220.0
413 219.0
414 219.0
415 219.0
416 219.0
417 219.0
418 219.0
419 219.0
420 219.0
421 219.0
422 219.0
423 219.0
424 219.0
425 219.0
426 219.0
427 219.0
428 219.0
429 219.0
430 219.0
431 219.0
432 219.0
433 219.0
434 219.0
435 219.0
436 219.0
437 219.0
438 219.0
439 219.0
440 219.0
441 219.0
442 219.0
443 219.0
444 219.0
445 219.0
446 219.0
447 219.0
448 219.0
449 219.0
450 219.0
451 219.0
452 0.0
453 220.0
454 165.0
455 104.0
456 219.0
457 0.0
458 219.0
459 219.0
460 50.0
461 235.0
462 219.0
463 219.0
464 232.0
465 98.0
466 67.0
467 32.0
468 219.0
469 32.0
470 174.0
471 0.0
472 44.0
473 26.0
474 3.0
475 166.0
476 219.0
477 219.0
478 3.0
479 219.0
480 219.0
481 219.0
482 39.0
483 219.0
484 219.0
485 219.0
486 153.0
487 219.0
488 219.0
489 169.0
490 219.0
491 220.0
492 149.0
493 0.0
494 147.0
495 219.0
496 219.0
497 25.0
498 158.0
499 235.0
500 219.0
501 236.0
502 235.0
503 235.0
504 235.0
505 235.0
506 232.0
507 220.0
508 220.0
509 220.0
510 220.0
511 220.0
512 220.0
513 220.0
514 220.0
515 220.0
516 220.0
517 220.0
518 219.0
519 219.0
520 219.0
521 219.0
522 219.0
523 219.0
524 219.0
525 219.0
526 219.0
527 219.0
528 219.0
529 219.0
530 219.0
531 219.0
532 219.0
533 219.0
534 219.0
535 219.0
536 219.0
537 219.0
538 219.0
539 219.0
540 219.0
541 219.0
542 219.0
543 219.0
544 219.0
545 219.0
546 219.0
547 219.0
548 219.0
549 219.0
550 219.0
551 220.0
552 219.0
553 158.0
554 23.0
555 220.0
556 235.0
557 0.0
558 218.0
559 219.0
560 219.0
561 219.0
562 220.0
563 219.0
564 508.0
565 193.0
566 0.0
567 235.0
568 0.0
569 219.0
570 219.0
571 35.0
572 90.0
573 235.0
574 315.0
575 220.0
576 104.0
577 122.0
578 0.0
579 0.0
580 89.0
581 219.0
582 219.0
583 219.0
584 235.0
585 0.0
586 29.0
587 6.0
588 93.0
589 0.0
590 219.0
591 14.0
592 116.0
593 219.0
594 164.0
595 46.0
596 219.0
597 33.0
598 202.0
599 23.0
600 32.0
