1 0.0
2 315.0
3 0.0
4 0.0
5 109.0
6 220.0
7 14.0
8 1.0
9 219.0
10 219.0
11 0.0
12 219.0
13 0.0
14 30.0
15 55.0
16 49.0
17 220.0
18 32.0
19 0.0
20 219.0
21 32.0
22 0.0
23 199.0
24 32.0
25 219.0
26 32.0
27 147.0
28 0.0
29 32.0
30 147.0
31 63.0
32 235.0
33 136.0
34 25.0
35 0.0
36 235.0
37 0.0
38 169.0
39 32.0
40 33.0
41 0.0
42 35.0
43 0.0
44 219.0
45 25.0
46 25.0
47 0.0
48 220.0
49 219.0
50 54.0
51 0.0
52 219.0
53 136.0
54 1.0
55 109.0
56 219.0
57 11.0
58 0.0
59 25.0
60 0.0
61 14.0
62 315.0
63 0.0
64 38.0
65 49.0
66 0.0
67 126.0
68 219.0
69 219.0
70 0.0
71 0.0
72 219.0
73 219.0
74 24.0
75 50.0
76 0.0
77 32.0
78 153.0
79 25.0
80 12.0
81 29.0
82 18.0
83 219.0
84 30.0
85 0.0
86 33.0
87 0.0
88 163.0
89 0.0
90 220.0
91 163.0
92 142.0
93 0.0
94 0.0
95 30.0
96 0.0
97 114.0
98 0.0
99 180.0
100 158.0
