1 8.0
2 219.0
3 33.0
4 0.0
5 235.0
6 0.0
7 98.0
8 34.0
9 197.0
10 49.0
11 0.0
12 33.0
13 32.0
14 24.0
15 0.0
16 0.0
17 0.0
18 0.0
19 220.0
20 219.0
21 30.0
22 30.0
23 49.0
24 14.0
25 25.0
26 104.0
27 207.0
28 56.0
29 0.0
30 30.0
31 8.0
32 92.0
33 158.0
34 167.0
35 7.0
36 147.0
37 219.0
38 0.0
39 19.0
40 38.0
41 30.0
42 32.0
43 32.0
44 104.0
45 32.0
46 14.0
47 0.0
48 219.0
49 0.0
50 163.0
51 219.0
52 17.0
53 25.0
54 0.0
55 0.0
56 0.0
57 219.0
58 6.0
59 42.0
60 70.0
61 52.0
62 25.0
63 142.0
64 19.0
65 0.0
66 39.0
67 0.0
68 25.0
69 153.0
70 220.0
71 38.0
72 0.0
73 0.0
74 0.0
75 26.0
76 219.0
77 0.0
78 0.0
79 0.0
80 0.0
81 0.0
82 198.0
83 72.0
84 126.0
85 315.0
86 0.0
87 214.0
88 142.0
89 219.0
90 39.0
91 219.0
92 30.0
93 43.0
94 32.0
95 25.0
96 0.0
97 0.0
98 163.0
99 32.0
100 0.0
