1 0.0
2 0.0
3 32.0
4 32.0
5 204.0
6 0.0
7 0.0
8 104.0
9 169.0
10 0.0
11 1.0
12 32.0
13 0.0
14 32.0
15 32.0
16 0.0
17 180.0
18 30.0
19 0.0
20 174.0
21 203.0
22 169.0
23 0.0
24 0.0
25 114.0
26 0.0
27 25.0
28 32.0
29 0.0
30 0.0
31 164.0
32 175.0
33 0.0
34 203.0
35 169.0
36 1.0
37 204.0
38 0.0
39 0.0
40 169.0
41 203.0
42 38.0
43 33.0
44 0.0
45 25.0
46 32.0
47 204.0
48 203.0
49 32.0
50 1.0
51 25.0
52 0.0
53 25.0
54 32.0
55 204.0
56 0.0
57 0.0
58 0.0
59 180.0
60 32.0
61 32.0
62 0.0
63 98.0
64 0.0
65 32.0
66 0.0
67 109.0
68 38.0
69 0.0
70 38.0
71 44.0
72 174.0
73 0.0
74 33.0
75 104.0
76 0.0
77 38.0
78 0.0
79 0.0
80 0.0
81 12.0
82 6.0
83 203.0
84 30.0
85 30.0
86 0.0
87 104.0
88 33.0
89 33.0
90 203.0
91 203.0
92 38.0
93 32.0
94 30.0
95 25.0
96 203.0
97 33.0
98 98.0
99 38.0
100 203.0
101 204.0
102 204.0
103 204.0
104 204.0
105 204.0
106 203.0
107 203.0
108 203.0
109 203.0
110 203.0
111 203.0
112 203.0
113 203.0
114 203.0
115 180.0
116 180.0
117 175.0
118 174.0
119 174.0
120 169.0
121 169.0
122 169.0
123 169.0
124 164.0
125 114.0
126 109.0
127 104.0
128 104.0
129 104.0
130 98.0
131 98.0
132 44.0
133 38.0
134 38.0
135 38.0
136 38.0
137 38.0
138 38.0
139 33.0
140 33.0
141 33.0
142 33.0
143 33.0
144 32.0
145 32.0
146 32.0
147 32.0
148 32.0
149 32.0
150 32.0
151 32.0
152 203.0
153 32.0
154 33.0
155 203.0
156 30.0
157 203.0
158 203.0
159 203.0
160 98.0
161 114.0
