1 153.0
2 32.0
3 38.0
4 169.0
5 180.0
6 109.0
7 0.0
8 115.0
9 32.0
10 32.0
11 32.0
12 136.0
13 38.0
14 32.0
15 0.0
16 82.0
17 0.0
18 33.0
19 98.0
20 0.0
21 0.0
22 0.0
23 219.0
24 0.0
25 1.0
26 0.0
27 219.0
28 0.0
29 49.0
30 109.0
31 158.0
32 33.0
33 13.0
34 0.0
35 220.0
36 208.0
37 96.0
38 30.0
39 219.0
40 20.0
41 219.0
42 32.0
43 30.0
44 114.0
45 213.0
46 6.0
47 33.0
48 0.0
49 136.0
50 0.0
51 131.0
52 131.0
53 0.0
54 30.0
55 0.0
56 71.0
57 0.0
58 0.0
59 30.0
60 127.0
61 175.0
62 142.0
63 32.0
64 49.0
65 0.0
66 131.0
67 219.0
68 32.0
69 34.0
70 0.0
71 0.0
72 0.0
73 180.0
74 1.0
75 34.0
76 174.0
77 38.0
78 0.0
79 60.0
80 0.0
81 98.0
82 6.0
83 0.0
84 0.0
85 34.0
86 0.0
87 220.0
88 0.0
89 25.0
90 219.0
91 158.0
92 29.0
93 38.0
94 0.0
95 30.0
96 77.0
97 30.0
98 0.0
99 213.0
100 0.0
101 220.0
102 220.0
103 219.0
104 219.0
105 219.0
106 219.0
107 219.0
108 219.0
109 213.0
110 213.0
111 208.0
112 180.0
113 180.0
114 175.0
115 174.0
116 169.0
117 158.0
118 158.0
119 153.0
120 142.0
121 136.0
122 136.0
123 131.0
124 131.0
125 131.0
126 127.0
127 115.0
128 114.0
129 109.0
130 109.0
131 98.0
132 98.0
133 96.0
134 82.0
135 77.0
136 71.0
137 60.0
138 49.0
139 49.0
140 38.0
141 38.0
142 38.0
143 38.0
144 34.0
145 34.0
146 34.0
147 33.0
148 33.0
149 33.0
150 32.0
151 153.0
152 98.0
153 219.0
154 220.0
155 26.0
156 30.0
157 218.0
158 0.0
159 136.0
160 33.0
161 48.0
162 38.0
163 124.0
164 163.0
165 104.0
166 0.0
167 14.0
168 147.0
169 219.0
170 219.0
171 30.0
172 212.0
173 136.0
174 32.0
175 103.0
176 195.0
177 0.0
178 153.0
179 82.0
180 121.0
181 219.0
182 44.0
183 30.0
184 220.0
185 131.0
186 0.0
187 180.0
188 54.0
189 33.0
190 33.0
191 0.0
192 29.0
193 89.0
194 153.0
195 71.0
196 0.0
197 0.0
198 0.0
199 38.0
200 0.0
201 220.0
202 220.0
203 220.0
204 220.0
205 219.0
206 219.0
207 219.0
208 219.0
