1 0.0
2 175.0
3 715.0
4 32.0
5 32.0
6 180.0
7 0.0
8 33.0
9 0.0
10 33.0
11 0.0
12 0.0
13 180.0
14 33.0
15 164.0
16 30.0
17 180.0
18 0.0
19 32.0
20 169.0
21 25.0
22 33.0
23 715.0
24 0.0
25 0.0
26 38.0
27 615.0
28 0.0
29 6.0
30 0.0
31 104.0
32 98.0
33 0.0
34 38.0
35 30.0
36 0.0
37 715.0
38 38.0
39 33.0
40 104.0
41 0.0
42 44.0
43 32.0
44 32.0
45 180.0
46 114.0
47 0.0
48 0.0
49 32.0
50 355.0
51 30.0
52 25.0
53 25.0
54 715.0
55 104.0
56 715.0
57 0.0
58 615.0
59 44.0
60 30.0
61 0.0
62 1.0
63 715.0
64 147.0
65 33.0
66 32.0
67 104.0
68 32.0
69 33.0
70 32.0
71 169.0
72 32.0
73 715.0
74 33.0
75 25.0
76 43.0
77 44.0
78 0.0
79 715.0
80 32.0
81 33.0
82 98.0
83 158.0
84 32.0
85 0.0
86 1.0
87 715.0
88 38.0
89 30.0
90 0.0
91 0.0
92 33.0
93 359.0
94 0.0
95 33.0
96 715.0
97 32.0
98 0.0
99 169.0
100 355.0
101 715.0
102 715.0
103 715.0
104 715.0
105 715.0
106 715.0
107 715.0
108 715.0
109 715.0
110 715.0
111 615.0
112 615.0
113 359.0
114 355.0
115 355.0
116 180.0
117 180.0
118 180.0
119 180.0
120 175.0
121 169.0
122 169.0
123 169.0
124 164.0
125 158.0
126 147.0
127 114.0
128 104.0
129 104.0
130 104.0
131 104.0
132 98.0
133 98.0
134 44.0
135 44.0
136 44.0
137 43.0
138 38.0
139 38.0
140 38.0
141 38.0
142 33.0
143 33.0
144 33.0
145 33.0
146 33.0
147 33.0
148 33.0
149 33.0
150 33.0
151 174.0
152 715.0
153 32.0
154 715.0
155 715.0
156 715.0
157 32.0
158 98.0
159 615.0
160 715.0
161 715.0
162 715.0
163 32.0
164 0.0
165 180.0
166 615.0
167 32.0
168 158.0
169 32.0
170 715.0
171 32.0
172 32.0
173 32.0
174 38.0
175 25.0
176 25.0
177 0.0
178 32.0
179 180.0
180 32.0
181 1.0
182 615.0
183 33.0
184 354.0
185 32.0
186 6.0
187 191.0
188 169.0
189 0.0
190 180.0
191 0.0
192 0.0
193 0.0
194 180.0
195 32.0
196 38.0
197 0.0
198 180.0
199 30.0
200 615.0
201 715.0
202 715.0
203 715.0
204 715.0
205 715.0
206 715.0
207 715.0
208 715.0
209 715.0
210 715.0
211 715.0
212 715.0
213 715.0
214 715.0
215 715.0
216 715.0
217 715.0
218 715.0
219 615.0
220 615.0
221 615.0
222 615.0
223 615.0
224 615.0
225 359.0
226 355.0
227 355.0
228 354.0
229 191.0
230 180.0
231 180.0
232 180.0
233 180.0
234 180.0
235 180.0
236 180.0
237 180.0
238 180.0
239 175.0
240 174.0
241 169.0
242 169.0
243 169.0
244 169.0
245 164.0
246 158.0
247 158.0
248 147.0
249 114.0
250 104.0
251 715.0
252 0.0
253 715.0
254 104.0
255 715.0
256 169.0
257 0.0
258 32.0
259 109.0
260 0.0
261 30.0
262 191.0
263 169.0
264 180.0
265 715.0
266 377.0
267 715.0
268 615.0
269 615.0
270 30.0
271 1.0
272 1.0
273 0.0
274 169.0
275 359.0
276 191.0
277 355.0
278 32.0
279 615.0
280 38.0
281 33.0
282 104.0
283 38.0
284 615.0
285 33.0
286 32.0
287 1.0
288 180.0
289 175.0
290 104.0
291 0.0
292 0.0
293 0.0
294 30.0
295 191.0
296 14.0
297 104.0
298 0.0
299 715.0
300 180.0
301 715.0
302 715.0
303 715.0
304 715.0
305 715.0
306 715.0
307 715.0
308 715.0
309 715.0
310 715.0
311 715.0
312 715.0
313 715.0
314 715.0
315 715.0
316 715.0
317 715.0
318 715.0
319 715.0
320 715.0
321 715.0
322 715.0
323 715.0
324 715.0
325 615.0
326 615.0
327 615.0
328 615.0
329 615.0
330 615.0
331 615.0
332 615.0
333 615.0
334 615.0
335 377.0
336 359.0
337 359.0
338 355.0
339 355.0
340 355.0
341 354.0
342 191.0
343 191.0
344 191.0
345 191.0
346 180.0
347 180.0
348 180.0
349 180.0
350 180.0
351 32.0
352 715.0
353 38.0
354 180.0
355 715.0
356 715.0
357 98.0
358 715.0
359 32.0
360 355.0
361 32.0
362 169.0
363 32.0
364 0.0
365 0.0
366 191.0
367 0.0
368 0.0
369 715.0
370 715.0
371 715.0
372 191.0
373 715.0
374 33.0
375 30.0
376 158.0
377 615.0
378 715.0
379 615.0
380 38.0
381 32.0
382 615.0
383 0.0
384 191.0
385 0.0
386 32.0
387 354.0
388 355.0
389 33.0
390 357.0
391 33.0
392 191.0
393 114.0
394 32.0
